12 12 12 12 5 5 5 5 7 7 7 7 7 3 3 3 3 3 3 42
8 8 8 8 8 12 12 12 12 12 12 5 5 5 5 5 7 7 7 7 7 7 7 7
15 15 15 15 9 9 9 9 9 9 9 100 100 100 100 100 100 21 21 21
21 21 21 21 44 44 44 44 44 44 44 2 2 2 2 8 8 8 8 8
8 8 8 12 12 12 12 12 12 12 12 12 5 5 5 5 5 5 5 5
5 5 5 5 7 7 7 7 7 7 7 7 7 7 7 3 3 3 3 3
3 3 3 3 3 3 3 42 42 42 42 15 15 15 15 15 15 9 9 9
9 9 9 9 9 9 9 9 100 100 100 100 100 100 100 100 21 21 21
21 21 21 21 21 21 21 44 44 44 44 44 44 44 44 44 2 2 2
2 2 2 2 2 2 2 12 12 12 5 5 5 7 7 7 3 3 3 42
